   2.9999999999999999E-002   0.0000000000000000     
   5.9999999999999998E-002   0.0000000000000000     
   8.9999999999999997E-002   0.0000000000000000     
  0.12000000000000000        0.0000000000000000     
  0.14999999999999999        0.0000000000000000     
  0.17999999999999999        0.0000000000000000     
  0.20999999999999999        0.0000000000000000     
  0.23999999999999999        0.0000000000000000     
  0.27000000000000002        0.0000000000000000     
  0.29999999999999999        0.0000000000000000     
  0.33000000000000002        0.0000000000000000     
  0.35999999999999999        0.0000000000000000     
  0.39000000000000001        0.0000000000000000     
  0.41999999999999998        0.0000000000000000     
  0.45000000000000001        0.0000000000000000     
  0.47999999999999998        0.0000000000000000     
  0.51000000000000001        0.0000000000000000     
  0.54000000000000004        0.0000000000000000     
  0.56999999999999995        0.0000000000000000     
  0.59999999999999998        0.0000000000000000     
  0.63000000000000000        0.0000000000000000     
  0.66000000000000003        0.0000000000000000     
  0.68999999999999995        0.0000000000000000     
  0.71999999999999997        0.0000000000000000     
  0.75000000000000000        0.0000000000000000     
  0.78000000000000003        0.0000000000000000     
  0.81000000000000005        0.0000000000000000     
  0.83999999999999997        0.0000000000000000     
  0.87000000000000000        0.0000000000000000     
  0.90000000000000002        0.0000000000000000     
  0.93000000000000005        0.0000000000000000     
  0.95999999999999996        0.0000000000000000     
  0.98999999999999999        0.0000000000000000     
   1.0200000000000000       0.16035680141022124     
   1.0500000000000000       0.25792281486567853     
   1.0800000000000001       0.34713525288583685     
   1.1100000000000001       0.43137921643526933     
   1.1399999999999999       0.51147953353151254     
   1.1699999999999999       0.58745850373910302     
   1.2000000000000000       0.65893156986527601     
   1.2300000000000000       0.72524343994255158     
   1.2600000000000000       0.78554892472164317     
   1.2900000000000000       0.83890873239640307     
   1.3200000000000001       0.88443589733820316     
   1.3500000000000001       0.92150114095605251     
   1.3799999999999999       0.94996188956006999     
   1.4099999999999999       0.97032787098004747     
   1.4399999999999999       0.98375790365789884     
   1.4700000000000000       0.99184362507234503     
   1.5000000000000000       0.99625870345475820     
   1.5300000000000000       0.99843666533576203     
   1.5600000000000001       0.99940576891066224     
   1.5900000000000001       0.99979469434357571     
   1.6200000000000001       0.99993556011797868     
   1.6499999999999999       0.99998163716903998     
   1.6799999999999999       0.99999525375978138     
   1.7100000000000000       0.99999888877914145     
   1.7400000000000000       0.99999976476910102     
   1.7700000000000000       0.99999995508510753     
   1.8000000000000000       0.99999999228801484     
   1.8300000000000001       0.99999999881376522     
   1.8600000000000001       0.99999999983731080     
   1.8899999999999999       0.99999999998022115     
   1.9199999999999999       0.99999999999788369     
   1.9500000000000000       0.99999999999980249     
   1.9800000000000000       0.99999999999998401     
   2.0099999999999998        1.0000058151983133     
   2.0400000000000000        1.0000791568972445     
   2.0699999999999998        1.0005261771066682     
   2.1000000000000001        1.0022786914340471     
   2.1299999999999999        1.0072504277011762     
   2.1600000000000001        1.0181790981743635     
   2.1899999999999999        1.0377498430291858     
   2.2200000000000002        1.0675455560334626     
   2.2500000000000000        1.1075993869759042     
   2.2799999999999998        1.1567052043505712     
   2.3100000000000001        1.2130479608327331     
   2.3399999999999999        1.2747216086321709     
   2.3700000000000001        1.3399958603746123     
   2.3999999999999999        1.4073866814691216     
   2.4300000000000002        1.4756237751077965     
   2.4600000000000000        1.5435804346430797     
   2.4900000000000002        1.6101993430121717     
   2.5200000000000000        1.6744297348072366     
   2.5499999999999998        1.7351853816548186     
   2.5800000000000001        1.7913342750753707     
   2.6099999999999999        1.8417348862410394     
   2.6400000000000001        1.8853343746442794     
   2.6699999999999999        1.9213324108992096     
   2.7000000000000002        1.9493828322248747     
   2.7300000000000000        1.9697601536706988     
   2.7599999999999998        1.9833915162277582     
   2.7900000000000000        1.9916921584158138     
   2.8199999999999998        1.9962473918210877     
   2.8500000000000001        1.9984814885031899     
   2.8799999999999999        1.9994537841119735     
   2.9100000000000001        1.9998267914820587     
   2.9399999999999999        1.9999520409897649     
   2.9700000000000002        1.9999885404719822     
   3.0000000000000000        1.9999885404719822     
