   2.9999999999999999E-002   4.4782544725631375E-005
   5.9999999999999998E-002   4.4782544725631375E-005
   8.9999999999999997E-002   4.4782544725631375E-005
  0.12000000000000000        9.6738798796884630E-005
  0.14999999999999999        9.6738798796884644E-005
  0.17999999999999999        2.4178052727638708E-004
  0.20999999999999999        2.4178052727638711E-004
  0.23999999999999999        5.7927615248510146E-004
  0.27000000000000002        5.7927615248510255E-004
  0.29999999999999999        1.3000288284307166E-003
  0.33000000000000002        1.3000288284307313E-003
  0.35999999999999999        2.7310748499378714E-003
  0.39000000000000001        2.7310748499380223E-003
  0.41999999999999998        5.3808785819779072E-003
  0.45000000000000001        5.3808785819791901E-003
  0.47999999999999998        9.9659560425065363E-003
  0.51000000000000001        9.9659560425158829E-003
  0.54000000000000004        1.7396666834122089E-002
  0.56999999999999995        1.7396666834181722E-002
  0.59999999999999998        2.8707129408345855E-002
  0.63000000000000000        2.8707129408683970E-002
  0.66000000000000003        4.4933061015678774E-002
  0.68999999999999995        4.4933061017404206E-002
  0.71999999999999997        6.6964151795274290E-002
  0.75000000000000000        6.6964151803288380E-002
  0.78000000000000003        9.5411101497504355E-002
  0.81000000000000005        9.5411101531734044E-002
  0.83999999999999997       0.13052264656992707     
  0.87000000000000000       0.13052264670563593     
  0.90000000000000002       0.17216762345964776     
  0.93000000000000005       0.17216762396329954     
  0.95999999999999996       0.21987362692373197     
  0.98999999999999999       0.21987362868654942     
   1.0200000000000000       0.27289899213886321     
   1.0500000000000000       0.27289899799546652     
   1.0800000000000001       0.33031263901440255     
   1.1100000000000001       0.33031265758478151     
   1.1399999999999999       0.39106317538704466     
   1.1699999999999999       0.39106323183942499     
   1.2000000000000000       0.45402845171629280     
   1.2300000000000000       0.45402861682324502     
   1.2600000000000000       0.51804512686313053     
   1.2900000000000000       0.51804559266230510     
   1.3200000000000001       0.58192328160500872     
   1.3500000000000001       0.58192455132681087     
   1.3799999999999999       0.64445419244044300     
   1.4099999999999999       0.64445753914721626     
   1.4399999999999999       0.70442109439697853     
   1.4700000000000000       0.70442962227786210     
   1.5000000000000000       0.76062370975576932     
   1.5300000000000000       0.76064469362590814     
   1.5600000000000001       0.81192710341528407     
   1.5900000000000001       0.81197686118824652     
   1.6200000000000001       0.85734252485391538     
   1.6499999999999999       0.85745589989251270     
   1.6799999999999999       0.89614019686638369     
   1.7100000000000000       0.89638755210182341     
   1.7400000000000000       0.92798052009681053     
   1.7700000000000000       0.92849524441347486     
   1.8000000000000000       0.95303380746184574     
   1.8300000000000001       0.95405141714098618     
   1.8600000000000001       0.97204799613067006     
   1.8899999999999999       0.97395271772675351     
   1.9199999999999999       0.98632957357977691     
   1.9500000000000000       0.98969612274484287     
   1.9800000000000000       0.99762860086640182     
   2.0099999999999998        1.0032392294771380     
   2.0400000000000000        1.0079524750218083     
   2.0699999999999998        1.0167684727971205     
   2.1000000000000001        1.0193541463871152     
   2.1299999999999999        1.0324317149371611     
   2.1600000000000001        1.0337374970954993     
   2.1899999999999999        1.0520983607092327     
   2.2200000000000002        1.0527040962320040     
   2.2500000000000000        1.0771914608421291     
   2.2799999999999998        1.0774491484983915     
   2.3100000000000001        1.1086076576804114     
   2.3399999999999999        1.1087080252324670     
   2.3700000000000001        1.1467170635531365     
   2.3999999999999999        1.1467527781365316     
   2.4300000000000002        1.1914215407120226     
   2.4600000000000000        1.1914331130701050     
   2.4900000000000002        1.2422450951201882     
   2.5200000000000000        1.2422484921562069     
   2.5499999999999998        1.2984317172860229     
   2.5800000000000001        1.2984326136826385     
   2.6099999999999999        1.3590318643894101     
   2.6400000000000001        1.3590320745728739     
   2.6699999999999999        1.4229664759143172     
   2.7000000000000002        1.4229665189677108     
   2.7300000000000000        1.4890635526807328     
   2.7599999999999998        1.4890635601930626     
   2.7900000000000000        1.5560542637253698     
   2.8199999999999998        1.5560542647997047     
   2.8500000000000001        1.6223807075854091     
   2.8799999999999999        1.6223807077036305     
   2.9100000000000001        1.6842585081682571     
   2.9399999999999999        1.6842585081771595     
   2.9700000000000002        1.7161490042237737     
   3.0000000000000000        1.7161490042237737     
